1130360998
1895106960
1232597451
1981622920
1146713780
1426729726
1812267150
1689960607
1724758099
352740431
2128237366
137111025
79031409
1363679066
1292794246
1150246364
437909465
1950593634
22347207
1038286490
682422549
1220111642
1657451738
2092309684
1160296931
2139684296
1341650862
1745967608
733144313
1007292822
1440743096
1863505312
754916134
525856899
1697644584
1901629915
1952586626
1362428086
1444106874
1529861077
1715168518
1424860593
1666972102
1794199927
641056011
812282700
796962643
1078965476
615392686
819309850
2117251966
1297815235
2039421492
1627220057
1242641271
1052234775
1619420705
436808485
650718736
205081370
1444101307
2091461832
2068586682
51533794
469835084
1618747618
1953163709
274938062
833692057
1249786935
1804799139
401376927
527163880
1324287593
48093206
1168219891
2136570294
845055850
99701720
604479332
1664365700
69470038
1902294568
1556303545
1696690095
997452191
461054672
1168627152
1434260677
1111773408
1373708523
730878336
1055751593
1294811557
782412130
1525586677
766075528
588092191
1800524739
1599767585
